$ANSIBLE_VAULT;1.1;AES256
61636462326531303261393366653636323866333763376562383430653866643663333237343666
3661386563623564616162656463656434373135353830640a646164333030613966323039623762
65643139396233346638623132346334623363363235653538363033356464323864316566393030
6365613864386265330a643164613938636238663338323765316364326438646664346565646632
33663065303036323966633164306333386639383365366336386532383132656534623134643836
38343331343664316361383163353965643538343038666131623630656135383031333563626239
62393661313131636265396139323966346239313435313039313739356533313432363362663061
37326537376164666530313661346630636133306666656337366161356562643631353836616336
39633337336536633231653239656432353939616231366662663132616334363230316437666464
62396237306666613731643165626434336337363534333165343238653337646430346162343435
62356131363938303330633839333231666265346462323231633633653835626466633037343331
61383538383835376266663566323137376430313665323130326162643864383138303238623063
35383339653035383637383166303237636537646136366630653063386538643337646330363832
61616237613764623730323539336438616465303162623837303337393665313964316136376638
34633235663531613466326531353934326430326232653063626261626165373431393163333564
66666331393566643139393462353537333064633864653936316133353264393936626335313530
34386165663732636438646238396538393165656561653133333530306435336564386262346130
62666661306264363162613538323935343937333134616161393666666434353764613636653832
65636265616635346161616166666635623630373265326633326637333437613461366266326338
32383964313161333234323535316432313666663737396431636164336439383731313637333133
35336139633636323538633261303863353231643061383865373730373436656334613366643733
63646466396233386538626137346537636362626138633061656166323830363835643462383631
64636339303462623361363961326231366637626265626536626238306436626261346465656335
32313132306639383832623431626161313138373531613939333838666366393734636335316330
62396664376532323364626231393232393166336162336230386263623262343335363535333039
30383736363332643165383234653365323038616231666663336439306535633337343264613466
31636231653239336336636635366531333234393465363361636563643163666439346435373539
36326139623965393661393735353961313166303835326437363436663464363036386436643634
35643362643062353633326631346133393630333337353638386438643266346138313164303363
37656662363562373661363031326335343163616138303863393764353461366165653531323431
37383833303363353639326361306264353138643964643864393262346130623965323863303331
62383465373330653162626539626261333662383864633163663163633464313866323037396565
63333239613765356330383333343331373162363266633665386637336136373833616635613332
37366262326464653265653834666438656233643039353464626638383030333537316366333830
64633433303131653365366665666365663739616162336663633433333431383563663766316462
38323261313461616262643865353030643132393963626639373537303231623166383332313862
64623033643832393566333966623133616331313237646235333665333739343533623765363966
37613937366165383536333430353765333363626432663731313232613838633738346633396534
34323063356564373333333630376266323763393364383031356538643534306134623765663463
33393837636533663537666233626535396465323366303639643965323235626536396662303837
35316364303666333131323762396334393662333832626434303362633438363034636137393432
61303864383433663032333136356463393833643135656465343061366463386634333733383965
38383864373264383062306530346662383563623137613461653365373136636164613462383332
66346163663430353462343233623866636532653761643138633330376466383966666466373739
30653435366539656336353235363537356465376630663532363762613030646162386565323735
33633265626638303537653364346532303933333965663032613231333932383630343839613232
31333735366265336661373331306331343765343937333662663663396530346535323863333632
64643335386266373461663461343666623330653662613664626565333965343464336439393538
65346435633936346634306233383835373162633765326138363466653931636433383364343030
30376630653638323334346138633130613337656565323862346635376530353463336263343134
65383838643364323431363538366236313431316436363534313734613731323439343636666335
38613834353864623834663761393162363230633361393563316136646235643266653636323639
32326561373165643366656637663561646634326366313965306234306233613532613038336437
39383535623365623733306566383862393430343336316237313037333837623438343134633435
63396233346564366566376565386361333730353632346366643462316666373863646133333134
62663732323661303333383237336532663862353766656134333039366362333636666333653661
39393830643137303064303733343333323139376564393434326134646632376431666632666130
38363034613561376431623630386530326665646262656166323338373965336161363332386666
37356636376564313066623535333936393462616439623535313831653936373038303337356132
63343632663239396662636633356436633862323261643865363264666361396465633539393165
38346463306461663861336462326533623062343865303766626632393965373832363438353265
37313561643535663462303436626338623639656634643264323462383737386332353166616266
62623636373530636432353661653861613232366461613966646264386266383765323535333234
37316365333561626665313839393766313262383534333135393538633833376430653730626337
37663232633132326664326234396265663839356235333761336565336463623239623038646538
30306430623439336531366230653733326235613466373962643739363139636361333063376564
64626332306631363866386663336232353139663131623736353338613437633635333663663939
65346234396232303166323237366263356365633430363564336532316565633334363833666331
34313962623534326462303761633435613638323264373533376266626262336635663030656232
63366565633134653433343139393836633332393131303836623265303331656235633362656539
30613166336133653639363861656533636163333266306465323163663339613036336233373438
62313932373837326432383561326563656531316565383936346565396364316635306630646333
63373566323964326234343734643635366331363862653464353133383939333037333431633037
39346163646238646539356461373530626337333132623861336332366462356635333636383831
62313031356335623565323837383333306533396333633835643435646334356333336262336631
36323333333634366235653564333632613238396337373263383364363461363530363935616236
39623037666439393837623363346666306534343330653230303361666238333065363939363636
33666230386336383830623164393361316137393666636635613132666335383238613464633463
37336638366262303130346437366336636635653663653663353566383538653562326232363636
36636438653532633238623764303530353333366566363332633932363665353062663265623838
65633034353766343732636564613935343635323164613565646465363162633831363465313331
30396664633062366239643836333861633261633038616466386565346133663739346466626266
34656231356337313937613961663838336163323137363736373663366233613832383938653130
32656330303130633530646162316630323534663336306334343531303433343538643164366433
30306464386231383333313631373931333739306364356238383639633561346132316130346630
39616533643465656664666339336264663735383137346561643837346136343563313362323635
32376162363533306233386438383730393131646339383535313138386530316230626335366235
64666263636637353462323037656135623262393139653635326436323262613232666133363866
35396165663636653037656564346537326164656664623262656131323031313131646363363762
38326366383562633036383563366665306161613665623536613164363965346362623461313237
31316636366262643232323838353464313337363736383535656437326638663038383937613134
38633262303938356363643337636662373465303834333332333865353636323031623738643666
36363135623864313739373938353936353234363036663733393363646261363239363436653137
63616433643233626332376533366435346230643461383264633339373263323439633338326161
663630623530313165396537303730633763
